"","Joincount","Expected","Variance","z-value"
"cactus:cactus",0.475,0.727272727272727,0.180027201791221,-0.594567596397015
"shrub:shrub",306.37380952381,305.476539589443,0.736630700499518,1.04543782249838
"yucca:yucca",0.783333333333333,0.0146627565982405,0.00391785168438821,12.2805060055992
"shrub:cactus",30.5511904761905,30.3108504398827,1.16040189762055,0.223111474957953
"yucca:cactus",0,0.234604105571848,0.0601819062115264,-0.956318678227239
"yucca:shrub",3.31666666666667,4.73607038123167,0.14427211500211,-3.7369280677436
"Jtot",33.8678571428571,35.2815249266862,1.23785764954382,-1.27060923794809
"cactus:cactus",0.225,1.41560798548094,0.338746880681822,-2.04564909785562
"shrub:shrub",224.078571428571,225.500907441016,1.25947480227478,-1.26738179518884
"yucca:yucca",0,0.141560798548094,0.0372857714406739,-0.733113871997105
"shrub:cactus",38.9047619047619,36.2250453720508,1.97004774372635,1.90919584267829
"yucca:cactus",0.291666666666667,0.943738656987296,0.236456045100151,-1.34097393016786
"yucca:shrub",12.5,11.7731397459165,0.538437475220434,0.990565691484159
"Jtot",51.6964285714286,48.9419237749546,2.24620631698624,1.83788659779123
"cactus:cactus",1.225,1.67381974248927,0.379797890705317,-0.72827546302481
"shrub:shrub",189.466666666667,190.624463519313,1.14091509194986,-1.08394114574124
"yucca:yucca",0.225,0.0214592274678112,0.00563020257909918,2.71262280060783
"shrub:cactus",38.0583333333333,36.2231759656652,2.0697412446757,1.27560227334705
"yucca:cactus",0.25,0.429184549356223,0.104364948607439,-0.55465537632412
"yucca:shrub",4.275,4.52789699570815,0.203146219022994,-0.561098746345483
"Jtot",42.5833333333333,41.1802575107296,2.15463154739777,0.955860761246274
"",NA,NA,NA,NA
